ROC=0.8122552051123479
F1=0.8102564102564103