ROC=0.8071531642960215
F1=0.8080808080808081