ROC=0.7968975468975468
F1=0.7938144329896907