ROC=0.7868480725623582
F1=0.7878787878787878